732247
156296
872564
34884
365392
804945
709041
827441
669203
185568
839766
626317
936219
836916
833273
401917
777077
274429
72238
377233
343516
95610
89556
733521
757401
722742
811699
230874
639638
776921
312880
525693
829238
556326
21748
697307
900422
11304
389066
201371
915530
235532
664832
934707
213908
923324
688227
366344
27878
691673
411513
536411
924473
447976
315776
348734
213935
705978
866916
86711
117750
190818
654786
686030
500631
659343
163786
534663
172054
517554
894469
475129
172627
948940
529998
478823
680384
502413
56326
679600
172441
483679
372339
993509
50241
511278
832865
506342
150761
171261
86051
226787
754537
843929
478169
269908
733068
88913
220894
585641
639250
765653
186265
396060
82795
383560
692658
360421
407514
856391
379039
539349
540483
995530
441618
857318
287602
612889
820374
894344
235630
568509
958911
298096
706859
947858
521928
374502
930327
230793
817396
72559
781868
218554
560857
755855
337103
918273
624871
320814
664653
174608
840667
591188
493358
231570
370064
978159
379491
545384
964523
357439
503862
223681
627657
146737
474048
586705
534186
923246
606602
110847
484097
203735
35798
419020
553361
371834
570841
585747
321931
111337
983333
795542
389849
72066
488707
666180
11878
127470
640531
851687
7210
819504
323750
85478
415095
315552
28042
484985
453270
92230
812911
596785
998214
710951
648379
131165
815601
638617
139699
519148
625635
464851
908020
860824
266760
404866
127743
650096
644420
368
89464
661040
990475
55570
408400
951521
168616
24391
228099
183413
243039
825406
597054
348896
642106
767584
755019
568412
85696
905130
178054
953829
618477
298092
524976
730563
697971
634800
548204
494777
967069
145375
614756
881907
249364
423979
838197
230678
67865
134091
835731
376984
338265
321146
465088
818962
446646
291740
252696
768639
855172
342796
168613
942077
667558
79709
364271
953170
407800
27732
549826
463180
45346
924229
344327
940225
222611
426089
217386
862475
953200
476879
350809
373570
258167
227881
996325
264473
743545
240801
528221
462501
823404
411022
797181
360149
144872
149341
146671
502666
3794
817558
696572
953020
220442
977916
857696
13631
238681
149747
993232
164655
172471
640952
788494
191253
196045
393583
418761
78717
797215
347236
982860
117019
687378
764992
642316
860012
562454
314702
233626
23802
758695
732749
192617
802306
363770
93093
280719
626244
719855
413832
897376
414261
658475
238540
613659
222850
699503
530294
79837
723279
775519
412010
278374
481986
809443
103253
968881
614155
566220
622314
508192
488006
507632
459235
310490
989440
659064
591979
741044
501608
423882
195112
911436
75219
892643
645359
541258
448347
916858
794706
385320
831522
452263
150163
248089
437489
474414
860321
913524
699526
454966
286477
340041
451906
198487
755697
534520
85499
534030
947148
266847
298088
974504
457292
830983
982473
540889
665438
914903
696931
241457
455211
252985
832433
978970
959821
589219
361580
687866
598791
147405
600907
194094
189636
798312
273882
312190
676507
268157
179894
23265
393112
447776
347212
974640
61
844285
935505
602991
262425
62161
212558
528152
843080
960390
583467
429977
862811
738809
371492
19776
258052
176086
17245
290222
506038
649057
557235
152957
706713
924758
600877
240410
324133
604108
250643
905591
947429
76465
775436
980354
865905
351830
716781
294629
277499
828814
697185
779483
360067
608738
947268
839557
668618
590531
276179
51439
526579
557179
965980
434628
569745
609463
384817
176488
294238
622918
361739
704423
945010
948509
572455
65659
616778
850510
44507
491575
721769
525196
233945
454449
84686
913800
374278
221858
765825
631403
494265
374472
486996
530464
65786
641004
610048
896370
749392
915394
84680
752920
108137
227688
657669
540651
814960
790309
198473
809852
596392
19140
906139
954388
497943
913264
630875
548475
317299
933748
816637
197755
105939
462212
807356
324488
65890
5672
220345
449453
883877
338879
95085
501678
613327
193898
588712
352295
343388
522092
333769
304730
450274
828933
432923
358604
180044
777345
637322
722646
49235
825655
450282
833595
936736
230360
414269
10366
415062
93985
76281
736608
975310
47787
801458
105659
125832
25148
780082
124090
104376
888895
234077
493692
334426
822350
88907
529995
896691
624308
777427
294062
431482
550286
678339
547143
12798
824650
632407
285371
311970
606503
598377
20676
682298
790928
15871
730500
65417
81306
383746
396715
58466
254164
245273
802641
893029
127655
119418
465692
752091
995869
294956
643670
573424
253033
263996
366777
294043
733741
526914
123237
229814
662972
559156
336774
785310
456508
795402
940743
801379
748267
885678
1191
679291
392283
872484
36429
438928
925221
751724
381397
933224
838497
134056
568055
925351
100460
811701
223352
379042
141825
969186
776979
605438
422299
534008
167758
914051
316387
569328
171776
77810
467295
215013
587103
892084
138071
406717
64334
377450
827285
176529
3184
264319
625880
592274
571245
413066
169801
475268
316327
268170
975759
414686
648130
959447
653621
398459
685786
960058
602503
242760
533051
408649
198491
68146
21893
718759
6627
593519
997835
321877
175019
340340
845539
325242
915864
812229
551654
924805
801695
891615
37674
244300
390648
317783
762406
721870
883962
767009
323316
860911
502707
565566
177976
855740
866762
467951
779058
194998
352742
507656
973802
884923
42907
849676
3806
274005
480297
815081
910878
436856
205770
261211
412499
884833
20032
859145
280585
432093
898409
59504
988315
252758
845455
752454
218076
387509
44959
904005
221735
953374
104675
158612
675163
610950
44246
89318
40998
896388
340625
994340
199507
622850
716915
873704
862812
18410
635495
339436
40767
267880
360775
194354
152248
192302
824259
106619
382909
412686
340005
439902
432206
745702
168022
224245
273592
577190
47445
807484
268740
631551
226270
328872
441346
720683
973861
767069
562913
453384
277632
936879
787707
261495
673930
24310
889131
398724
29524
405545
982955
568563
662460
386137
588935
855121
898581
133246
707785
422517
917448
3408
688736
641666
405927
202756
394335
580399
473667
514186
975819
665568
823057
79323
879633
859456
45670
952170
986598
517030
40534
907244
567197
790873
649248
759327
824686
995607
456612
322987
724569
54929
134803
39627
144469
587897
235947
111916
851893
821347
189013
835107
454055
351409
744290
349006
601323
662258
828765
750868
949561
550345
362398
632496
896475
248234
931162
829383
79581
868758
352556
809308
130232
532730
592177
866106
904773
557939
620338
69837
868884
488591
242255
964783
544167
97826
247331
626434
23985
785804
772259
860432
804935
96155
458644
410699
882369
74721
687804
83655
586597
984732
468444
84524
437305
157737
806493
805960
104176
784336
707956
566105
751071
233915
358791
394821
34563
709462
344002
308002
479856
825825
509311
137825
985201
120556
163759
79713
108420
975195
286144
616570
918544
408380
78436
724364
287002
95594
570732
820685
383400
115320
728908
744834
847778
813993
350890
14385
